0,7955,2427
1,7964,2430
2,7960,2429
3,7960,2429
4,7957,2428
5,7961,2429
6,7964,2430
7,7961,2429
8,7939,2423
9,7965,2431
10,7964,2430
11,7961,2429
12,7964,2430
13,7962,2430
14,7965,2431
15,7963,2430
16,7962,2430
17,7965,2431
18,7966,2431
19,7965,2431
20,7964,2430
21,7961,2429
22,7967,2431
23,7964,2430
24,7962,2430
25,7963,2430
26,7967,2431
27,7963,2430
28,7963,2430
29,7964,2430
30,7967,2431
31,7963,2430
32,7961,2429
33,7961,2429
34,7964,2430
35,7962,2430
36,7964,2430
37,7965,2431
38,7964,2430
39,7962,2430
40,7965,2431
41,7962,2430
42,7961,2429
43,7963,2430
44,7962,2430
45,7961,2429
46,7962,2430
47,7964,2430
48,7963,2430
49,7966,2431
50,7962,2430
51,7960,2429
52,7961,2429
53,7966,2431
54,7961,2429
55,7963,2430
56,7964,2430
57,7961,2429
58,7961,2429
59,7964,2430
60,7962,2430
61,7961,2429
62,7963,2430
63,7964,2430
64,7962,2430
65,7962,2430
66,7962,2430
67,7961,2429
68,7959,2429
69,7962,2430
70,7960,2429
71,7963,2430
72,7962,2430
73,7965,2431
74,7962,2430
75,7962,2430
76,7962,2430
77,7961,2429
78,7965,2431
79,7962,2430
80,7960,2429
81,7963,2430
82,7965,2431
83,7963,2430
84,7962,2430
85,7964,2430
86,7964,2430
87,7964,2430
88,7963,2430
89,7959,2429
90,7959,2429
91,7962,2430
92,7963,2430
93,7958,2428
94,7966,2431
95,7964,2430
96,7964,2430
97,7961,2429
98,7964,2430
99,7961,2429
100,7963,2430
101,7963,2430
102,7961,2429
103,7959,2429
104,7963,2430
105,7967,2431
106,7962,2430
107,7964,2430
108,7965,2431
109,7959,2429
110,7961,2429
111,7964,2430
112,7964,2430
113,7959,2429
114,7962,2430
115,7960,2429
116,7962,2430
117,7962,2430
118,7962,2430
119,7962,2430
120,7961,2429
121,7962,2430
122,7959,2429
123,7959,2429
124,7962,2430
125,7961,2429
126,7962,2430
127,7961,2429
128,7963,2430
129,7963,2430
130,7961,2429
131,7963,2430
132,7962,2430
133,7965,2431
134,7962,2430
135,7964,2430
136,7960,2429
137,7964,2430
138,7961,2429
139,7964,2430
140,7964,2430
141,7965,2431
142,7964,2430
143,7964,2430
144,7964,2430
145,7963,2430
146,7961,2429
147,7962,2430
148,7961,2429
149,7964,2430
150,7963,2430
151,7963,2430
152,7962,2430
153,7965,2431
154,7961,2429
155,7962,2430
156,7963,2430
157,7961,2429
158,7959,2429
159,7963,2430
160,7960,2429
161,7961,2429
162,7960,2429
163,7963,2430
164,7960,2429
165,7963,2430
166,7962,2430
167,7961,2429
168,7960,2429
169,7960,2429
170,7963,2430
171,7957,2428
172,7964,2430
173,7963,2430
174,7963,2430
175,7956,2428
176,7958,2428
177,7963,2430
178,7962,2430
179,7962,2430
180,7962,2430
181,7963,2430
182,7962,2430
183,7966,2431
184,7961,2429
185,7963,2430
186,7967,2431
187,7965,2431
188,7963,2430
189,7965,2431
190,7963,2430
191,7961,2429
192,7964,2430
193,7962,2430
194,7966,2431
195,7964,2430
196,7961,2429
197,7966,2431
198,7967,2431
199,7960,2429
200,7967,2431
201,7964,2430
202,7963,2430
203,7963,2430
204,7961,2429
205,7961,2429
206,7968,2431
207,7963,2430
208,7962,2430
209,7960,2429
210,7964,2430
211,7962,2430
212,7963,2430
213,7964,2430
214,7967,2431
215,7961,2429
216,7965,2431
217,7961,2429
218,7970,2432
219,7967,2431
220,7966,2431
221,7962,2430
222,7961,2429
223,7961,2429
224,7960,2429
225,7961,2429
226,7965,2431
227,7960,2429
228,7961,2429
229,7964,2430
230,7963,2430
231,7961,2429
232,7963,2430
233,7965,2431
234,7963,2430
235,7963,2430
236,7961,2429
237,7962,2430
238,7968,2431
239,7961,2429
240,7960,2429
241,7961,2429
242,7961,2429
243,7963,2430
244,7965,2431
245,7961,2429
246,7965,2431
247,7959,2429
248,7960,2429
249,7965,2431
250,7961,2429
251,7965,2431
252,7960,2429
253,7958,2428
254,7960,2429
255,7960,2429
256,7962,2430
257,7962,2430
258,7961,2429
259,7966,2431
260,7960,2429
261,7961,2429
262,7963,2430
263,7962,2430
264,7963,2430
265,7961,2429
266,7964,2430
267,7966,2431
268,7961,2429
269,7963,2430
270,7964,2430
271,7965,2431
272,7964,2430
273,7961,2429
274,7966,2431
275,7964,2430
276,7964,2430
277,7962,2430
278,7962,2430
279,7964,2430
280,7962,2430
281,7959,2429
282,7961,2429
283,7961,2429
284,7961,2429
285,7964,2430
286,7959,2429
287,7959,2429
288,7964,2430
289,7962,2430
290,7964,2430
291,7937,2422
292,7781,2374
293,7669,2340
294,7621,2326
295,7591,2316
296,7582,2314
297,7593,2317
298,7666,2339
299,7693,2348
300,7697,2349
301,7706,2351
302,7731,2359
303,7728,2358
304,7738,2361
305,7725,2357
306,7729,2358
307,7728,2358
308,7746,2364
309,7734,2360
310,7766,2370